-1.358182501088093685e+00
4.920952967750848450e-01
1.150881636296937849e+00
-5.653127970028964944e-01
-1.185549747616931882e+00
-2.144010770585287051e-01
-2.102168003436568344e-01
-1.291042585643135787e+00
-5.772153742265959675e-01
5.791186195914421742e-01
3.857563010823471528e-01
-1.277226653012668134e+00
-8.268809010838273910e-01
4.109854389637550565e-01
-3.798969225053639431e-01
1.671757901532639756e-01
5.361098444005855113e-01
-1.113873558001181152e+00
2.286186667851768384e-01
-1.644524131569653491e-01
2.202308943278753761e-01
-1.581108689178112980e+00
-2.060985907557283114e-01
9.219558748701563167e-02
3.618277076017155092e-01
1.107119070656616744e+00
-1.706674176583721003e+00
6.151275530236385292e-01
6.202343839538668746e-01
-1.146608802443490394e+00
9.296695017013096446e-03
-1.914863772288416532e+00
-1.772653804195058358e+00
5.328300403450460937e-02
-2.039919178028389291e-01
4.414571213482660905e-01
1.084167241160420181e+00
6.013604502881637615e-01
5.766406194419991804e-01
-1.068120103464734072e+00
-3.827562722810322060e-01
-1.044828267894808871e+00
-2.157257944777287439e-01
1.510005244056612739e+00
-1.951692483968146818e-01
8.912499683341564838e-01
9.592420365274924032e-01
-1.081872430111498362e+00
5.302203246101830914e-01
1.122008630223232828e+00
2.182454807615951398e-01
4.698686062222984794e-01
1.685632015577077425e+00
-5.952100071546873039e-01
-1.727727725032423667e+00
-3.123240163331132413e-01
-2.307009490336323909e-01
7.257587611081761647e-01
-1.032773459856130449e+00
-1.453862490093100479e-01
-2.083809726602243728e+00
-8.941959878968649411e-01
1.974406350720116166e+00
-1.049154200005826931e+00
-8.670246622804359538e-01
-4.479151945303074256e-01
-1.448805359683993377e+00
-4.764135332131009259e-01
-1.150358181981841810e+00
3.382429458959710367e-01
-9.325907214955204694e-01
2.981002719055589889e-01
-5.834513289983496165e-01
2.689161451324363905e-01
7.628894536535489601e-02
-5.287397508405843327e-01
-6.940649138784661387e-01
-2.973667676494268775e-01
-8.454262194782265205e-02
5.479261264461388059e-01
-1.693503666422107701e+00
-1.057653124417581969e+00
-1.345074717842234202e+00
-3.024739626069345225e-02
-4.243124050916907142e-01
-6.060125543486440808e-02
-2.813462740001860252e-01
6.777974629309415321e-03
-2.727189041037092476e-01
-5.248664587866226361e-01
5.611969605183110277e-01
-9.215243677058370109e-01
1.529797095633044501e-01
-1.713212900799262695e+00
-1.427773742929841383e+00
8.403243627424748785e-02
-7.713101119132983463e-01
-1.491753948392330775e+00
-1.236518383977967428e+00
-4.920242732279780373e-01
-8.045208744359068076e-01
-1.139844825291114416e+00
4.609364554040238371e-01
-3.848995928315233628e-01
5.813601663092900912e-02
1.366792077436753683e+00
1.196636730250204783e+00
1.582980281501661368e-01
-4.747828954384764413e-04
1.081023592944027056e+00
5.821622906240467854e-01
-6.469779636194101027e-03
9.884982826560397007e-02
1.453705839481971962e+00
-7.070273174570531616e-01
2.178778699217510939e-01
-4.821657459921684930e-01
1.033210616968855966e+00
-2.426561542010744199e-01
-1.396849692102664964e+00
8.619444693451440154e-01
-7.454646498541317445e-01
-2.193665715520830839e-01
-1.148538428786037568e-01
-4.679917991587382864e-01
1.585709500842206854e+00
-1.205741486446893829e+00
8.421929096350585370e-03
-1.065818672065656836e+00
-2.891601564421545506e-02
-2.131477523626034709e-01
1.773888696303046741e-01
6.794497203613234504e-01
-1.085519429182875001e-01
-6.380645005150836768e-01
9.130068815576632968e-01
-7.584405918241554634e-01
-1.974892437322201266e-01
-1.101642403831024630e+00
-8.585591536126425671e-01
-2.239857206403730594e-01
-5.836349337792652303e-01
6.298710728453704721e-02
-1.775903912798027229e-01
-1.388349046186100610e-01
1.075570063209443511e-01
-1.014841929001326637e+00
2.613869452853429198e+00
1.718344388119604771e-01
-2.366404830636559709e+00
8.763932566828682713e-01
4.238981790177046571e-01
-7.278324748685994772e-01
3.232207206404395100e-02
1.379548724064573628e+00
1.155590444362371905e+00
-1.838717402632834341e+00
7.971289868152771074e-01
5.645178908637904502e-01
-3.425761090170508227e-01
-2.244185560806675639e+00
8.188634262164276034e-01
-1.806713440790457925e+00
-1.201539241266086133e+00
2.064520833828486224e-01
-2.012413695182018458e-01
-6.498906668188030311e-01
-6.058888492376796053e-01
1.346033927875524894e+00
5.733799657707427944e-01
-1.775832807481896758e+00
-1.469882415952321830e+00
2.282673474882629394e-01
4.605176966652953507e-01
-1.978570944283811472e-01
-4.042365646460217010e-01
3.784390066063412356e-02
-1.827879761739739095e-01
2.993057188623203801e-01
-9.911773760228422825e-01
1.976063967661357834e+00
-1.202975637684374988e+00
-7.753721854301791616e-01
3.223664717380309019e-01
1.100901730126367273e+00
-3.374296996711430296e-02
-1.073122735354136575e-01
3.810290775939593200e-01
8.049217073578316395e-01
3.440169548425630608e-01
-5.611636744991775616e-02
-8.456824379340117659e-01
2.394857667643425590e-03
1.159541924667328416e+00
-1.298882307882751386e+00
1.247721041345898119e+00
7.290659599555643355e-01
-1.144798065882479954e-01
-4.751846737058019188e-01
9.038384397085190702e-01
5.559776345822204924e-01
-8.729379889721726737e-01
-1.039088535198999352e+00
2.099271843709022978e+00
-1.582679974818100188e+00
-1.914876713596753044e+00
3.365779330563085092e-01
2.091663844652690063e+00
-3.341389889771156918e-01
3.496974828676330249e-02
-1.399528101615251652e+00
-4.773299115032946238e-01
-7.124483748897239010e-01
-5.616506219748198525e-01
-3.524649304085043511e-01
2.187305498641984591e-01
-6.235055073919684721e-02
-6.875759665455877245e-01
-1.772747476730274441e+00
-3.129803748180896017e-01
-8.388324619474974986e-01
6.085705538865641279e-02
-9.403739673394749810e-01
-6.192543526476985694e-01
-1.392050206986284566e+00
-1.280073200749843321e-01
-5.032966947198423968e-01
2.100909129937113262e-01
8.503739413928127489e-01
4.633264330313899282e-01
1.131566516232134084e-01
-1.070037200189468546e-01
-2.336451841774845606e-01
1.324808368391729996e+00
6.071981931171059887e-01
-1.822880329276071132e+00
-1.212631522667937833e+00
2.438576074554399675e-01
1.075241694348133409e-01
2.398130719535437050e-01
-1.093721651630809921e+00
6.785589279703523324e-01
1.106093251386714105e+00
-4.070781299957836885e-01
-1.342305870752800390e+00
-1.802754174401616449e+00
-2.309833381793973961e-01
1.142427499043840999e+00
1.171433889222498886e-01
4.232162876832826215e-01
-1.708912546951834865e-01
-2.576856811032586791e-01
4.827105567163678668e-01
-2.192715796888645485e+00
1.007546781124180724e+00
-2.091215147984387901e+00
5.750475092061465565e-01
-7.367700358077328669e-03
1.102265111168233558e-01
3.779514990568857979e-01
-7.596265162089002043e-01
1.339860381563994784e-01
7.613241823466031510e-01
2.635746660638360606e-02
4.053834079873384066e-01
-1.005023692585838901e+00
-6.833161565870393694e-02
1.779844155724209065e+00
-7.234787700912491681e-01
-1.904884654904759056e-01
4.698666913664867884e-01
-5.380544471749471036e-01
-1.362367979910358573e-01
7.582744190669550577e-02
1.890883132817877121e-01
1.311579464624989741e-02
-4.609336319707624252e-01
-8.163206509264798738e-01
1.252541209323175808e+00
1.108488650676772158e+00
-1.233719650714217630e+00
8.487572066126003456e-01
-2.803401328397437942e-01
2.098366798502567521e-01
-3.405291662070688008e-01
-3.789528939004991725e-03
1.730355084228178686e-01
9.213701918132555582e-03
3.201325638132630491e-01
1.037280960363826443e+00
-4.758045409351408517e-01
3.008185934867708133e-01
-4.492087418377369579e-01
1.000276789664959143e+00
-9.431613637033208208e-01
-4.320082248808710945e-01
8.125166260614971048e-01
2.857070560846241225e+00
-1.121948069171374129e+00
-4.703968013939163195e-01
-4.474029755153054455e-01
-1.536925465702281501e+00
7.608243058063264286e-01
2.406863494963531025e+00
-1.083087709912954555e+00
1.499740807451017399e-01
4.949331008813454003e-01
-7.418938621554979074e-01
1.376633874170396954e+00
2.776006697827855807e-01
-1.591216259803196198e-01
-4.674590961443074177e-01
-1.088006961948936313e+00
4.443918774617364176e-01
1.551324754880260837e-01
-2.319521765115787060e-01
4.461865113276333172e-01
-3.415693118100905368e-01
-9.147039803941633407e-01
1.182556727066358615e+00
-2.066786259559993066e+00
1.187985437872383920e-01
-5.048270630927399472e-01
3.113734551893767577e-01
-1.637936486647936229e-01
4.561939426139229870e-01
1.618236631629927702e+00
-1.345676166833421838e+00
-1.377755105763466714e+00
-6.537726797568057524e-01
-1.285618552573123852e+00
2.175376076664821690e-01
2.219896747448590613e-01
4.338790798964358708e-01
-2.865011579992293722e-01
-1.411663502329228104e+00
4.497208614701965201e-01
-3.700923113279413479e-01
-5.393743889661323232e-01
4.713727288573700269e-01
-3.783251642987328078e-01
-1.203254370299881026e+00
-4.189809760050055010e-01
-1.949078438561135274e+00
1.243222332730750335e+00
-1.175603480807131396e-01
-2.701063968197511933e+00
-1.075839760079935425e+00
-1.054782816628291320e+00
6.392553239484447536e-01
-1.214359296909366837e+00
-1.641370049469691172e-01
-1.666442863941052677e+00
-1.593199391127347209e+00
1.289980620555420510e+00
-9.277536441727832761e-01
4.737564833338365200e-01
-9.947925785121132236e-01
-3.302574997450445915e-01
8.900773110557339551e-01
1.060442616474708277e+00
1.596383056618325691e+00
5.844091188816964433e-01
-1.616728088432903276e-01
-1.938889575561117740e+00
-3.044029302492001765e-01
2.960796555492714033e-01
-2.854813968821645065e-01
1.789428015445117648e+00
1.654831629194720044e+00
-1.488679048119808668e+00
2.731384353554267008e-01
-8.163323846897352354e-01
-3.629928535432738745e-01
2.490487899695229823e-01
-1.829073817278366487e+00
-2.388844133282322257e+00
-7.677305458632106561e-01
1.708151898331608853e+00
8.364207094434207568e-02
-1.610212142669010804e+00
9.036835871327085767e-01
1.632916553972199702e+00
-1.106417870594969211e+00
-8.038167523583523710e-01
7.789457141904879700e-01
7.063115666692951766e-01
-6.727342064179996084e-02
-2.718052341320208454e-01
1.293948314121165399e+00
5.036893541478236758e-01
6.556031450071833078e-01
9.199882654204172283e-01
1.388125203502867944e+00
-6.966092024920705894e-01
1.367672564720375794e+00
8.132370027253859046e-01
6.886223112503311317e-01
6.719569689159881065e-01
5.930503766024245449e-01
3.723630588774190509e-02
-1.930896224327821598e-01
1.929317798245896720e-01
-8.898406835698798867e-01
1.055189058850845685e+00
1.128464236940146526e+00
-7.821565609340468128e-02
-1.683021818006191328e+00
7.886760305246129921e-01
5.061075465435769249e-01
8.127749124979458673e-01
-6.242540246165113604e-01
-3.623172895833978169e-01
-9.896825505821249536e-01
3.092638777934324512e-01
1.447445759261036802e+00
-1.659271922329683679e-01
-3.636792431727733366e-01
-9.233920417805395464e-02
-3.039242627374267869e-01
-4.512755448970639516e-01
-3.681072749120641308e-01
2.030491117342587248e+00
2.617972700668584340e-01
-4.797966546433385937e-01
-6.552383000619993458e-01
-7.242036207907147638e-01
-7.431553039591347609e-01
3.244540151622653301e+00
2.129250390332655118e-01
1.522963543108091233e+00
-1.102236557389950189e+00
-7.656330983782811961e-01
1.649075325458698282e+00
2.122083563033238807e-01
-1.473594520273599384e+00
-1.255230177839064543e-01
-1.875151660743731574e-01
-6.284365908977163073e-01
3.998717005909772082e-01
-1.384437557209662328e+00
4.054225194109861152e-01
4.651352425014035341e-02
-1.168887319041730599e+00
-6.058225836345842996e-02
-1.961571996513793881e+00
5.971834435071905478e-01
1.538961373622008688e+00
6.673888900310475103e-01
-5.500094762538138005e-01
-7.902823131584491012e-01
6.275006474713140658e-02
-1.353740493643488030e+00
1.569731420103853137e-01
-2.560081400361893689e+00
-1.319671226839295386e+00
-1.023793041681320126e+00
7.481407208860285651e-01
6.625524179577911843e-01
-9.469575291893701507e-01
-1.406537132554762426e+00
-3.497005291492459866e-01
7.445969090848904293e-02
-1.547628507746718896e+00
-2.493547617749112266e+00
-6.846397566901224474e-01
-1.785936493399621128e+00
3.600330082401384524e-01
1.007353007872457441e-02
-1.541920450676450560e-01
2.144694506193689232e-01
2.251483463975590404e-01
1.104206732864246865e+00
-7.585465629444214375e-02
-8.908988276550626750e-01
-1.086193873958054973e-01
-1.187570533394529393e-01
-1.553015734962821748e+00
-9.117135327206976614e-01
3.991622249261708166e-01
6.102424791041118901e-01
-2.613355707003621187e-01
4.411812713688524346e-01
-3.800924931817284413e-01
-6.439935495245558972e-01
1.713939615144884687e+00
-1.484611699226362491e+00
1.988203850974821774e-01
5.035697431816208436e-01
6.404734891583258038e-02
1.632385017701042829e+00
1.912850328856428028e+00
-3.644704981215332595e-01
1.539883084772241340e+00
-1.171836105382898063e+00
1.107366964076913041e+00
4.256168932510622227e-01
5.814116002515308246e-01
-9.373889437370104272e-01
1.056045584194687192e+00
-3.541888214226893705e-01
-1.043682352620889792e-01
-4.808707670749446383e-01
-1.144026501959033659e+00
4.940004869664802456e-01
3.169282717141739814e-01
2.918193261347559742e-01
5.595712175276064126e-01
1.246762217630143083e-01
8.734041513542113444e-01
6.456571798287278341e-01
-1.447338536664623081e-02
2.457546025339419682e+00
-9.479296259710167094e-01
-1.187973913547436811e-01
-3.483460140887741918e-01
-1.168009466123593132e+00
1.255102511878223304e+00
-3.489108465532915204e-01
2.605808238494580764e-01
3.208021333885174298e-01
1.724808815935279016e+00
4.617246117960343010e-01
1.035047303713667821e+00
-2.747780317768310221e-01
-4.312310085930448622e-01
-1.112171907567538920e+00
-4.684550293639507257e-01
1.029384173098281119e+00
6.537252653870208041e-01
-1.778779516729161569e+00
1.211991921142738571e+00
-1.655999057019146292e+00
-9.179530063226536418e-01
1.874815617355163611e-01
-5.429552343932922964e-01
1.465668581541351712e-01
-9.387786241880841098e-01
5.035065294891263310e-01
-2.269608345882942579e+00
-5.975023345819928666e-01
3.363569313617286727e-01
5.247637478993310012e-01
-5.950714524009270007e-02
-2.897016171581148214e+00
-1.779718200538951967e-01
1.047538519301550730e-01
1.270916719005684037e+00
-2.845730675440010793e-01
-9.773851391746100903e-02
1.565426658398828275e-01
5.647157775940315760e-01
-6.001053290467227574e-01
-5.955193043711262124e-01
1.000344088813850396e+00
1.493065360027774124e+00
-1.443219067943678047e+00
-1.530326151487197750e+00
-4.834847356197584656e-01
-9.025345772068156247e-01
-1.058004396858007734e+00
-5.196144147674842673e-01
-1.219706206214293598e+00
-8.000129945162242073e-01
1.346161611734093100e+00
6.183837206847256907e-01
-7.667237788909839757e-01
-1.532013847918481275e+00
6.151202810856216674e-01
-2.862349542183799667e-01
-7.595326065346692523e-01
1.861150814023461608e+00
2.220418682876425243e-01
6.774320025117869237e-01
6.035872195244063043e-01
-7.912765687976365259e-01
-2.918726140055798168e-02
7.903018257906629929e-02
3.523374390757156860e-01
1.757843121776327955e+00
-1.190178466157539194e+00
-2.946369475639921270e-02
-1.940991926667999523e-01
-1.118353371412780461e+00
-1.679112364381217581e+00
-6.001341271960884960e-01
-7.052189285845368305e-01
-1.978282561591717892e+00
-2.751031687369426826e-01
-1.800483693205721325e+00
1.256089330703622942e+00
-1.791366743500572900e+00
9.085691339743744432e-01
1.370470382342892091e-01
6.684342479908222945e-01
7.596721549258311779e-01
2.163124481224356910e-01
-1.303095546011409533e+00
1.660712732384285628e+00
8.129797826571986130e-01
6.059049305710332289e-01
-1.755151958919303645e+00
-7.615091022908679896e-01
1.910376254172436061e+00
1.350723779062327434e+00
8.986854063633863132e-02
-1.651957771206512549e-01
1.182281205275779401e+00
6.612819901306515868e-01
-2.513478717519921496e-02
-6.974409655429639754e-01
-1.532623516751148163e-01
1.574868627080639349e+00
-9.798433164931067418e-01
7.432173766497153222e-01
-3.402062974938550033e-01
-1.604433440481113804e+00
-1.029007301400338470e+00
7.194568435794099770e-01
-8.799134010140023943e-01
-9.941056465942700315e-01
-6.300744571837624264e-02
-2.872503818375616857e-01
3.089760883255965873e-01
4.187775718805183955e-01
1.008375881909416405e+00
1.393235337032749710e+00
-1.745107892804528271e+00
-5.262577151021529120e-01
2.068145956102104832e-01
-7.745795671757327305e-01
-2.048660098831694282e-02
-5.103765142704751456e-01
-6.725259053826264655e-01
2.332849861921347523e-01
-3.980306889570373041e-01
3.498988208016690082e-01
-7.779737365218960532e-01
1.983521005560675010e-01
-6.045484105250680251e-01
-2.194929718076814140e+00
5.596320294007025575e-01
7.711278620904149506e-01
-2.091992483761393185e-01
-1.305624627468285670e+00
1.123976416945624113e+00
-8.821520536269937818e-01
-1.075388495330104888e-01
3.641682940298441862e-01
7.827976453973481963e-01
3.314612761326132806e-01
8.333896537604983112e-02
-1.069996798981243807e-01
-1.408489789530699143e+00
-2.026465744542339520e-01
-9.938556701027813078e-01
-1.408287633791386995e+00
-4.052694234888243874e-01
-1.301692080499496473e+00
5.614006187788581625e-01
-4.465892154657672974e-01
4.783564838975420952e-01
4.665701360297816458e-01
-4.577261958641578588e-01
-4.283826271190960266e-01
1.669668379731137631e-01
5.598047360871025724e-01
-1.255177716359907159e+00
1.005513798439810813e+00
1.122459150591013088e-01
-1.135694568860133868e+00
-2.318025567211139393e-01
2.534791686502047003e+00
1.007159508301655348e+00
-4.718398600318933211e-01
7.289802118362773697e-01
-8.960451428461047030e-01
6.567166215841765409e-01
6.994010778015599117e-01
1.029333436451013162e+00
9.649644143393869555e-01
4.470207788694132156e-01
1.928097403646451477e-02
2.078632187405175635e+00
-1.628018050386639826e-01
-1.266730214872915372e+00
-1.080026516786868340e+00
-5.392966773306060446e-01
-3.374280830491599992e-01
-1.400059329263555252e+00
1.454410186190822296e+00
3.377961192911327348e-01
-1.523318865784845322e+00
2.711284240652657163e-01
3.417121969435693019e-01
-1.747774282181589409e-02
-1.366557556602845835e+00
4.700083668781910862e-01
-4.674037845949393088e-01
-1.926227115830013159e-01
1.266953725731932989e-01
6.251314256501976363e-01
-1.349166620755701596e+00
-1.372876039656605984e+00
2.402910256930387844e-01
-3.463875517052640851e-01
2.440869423231601110e-01
9.930891652505924316e-01
-9.635557997245609851e-02
1.016195357314540137e+00
3.738192049341722278e-02
1.348154483936919945e+00
9.020650527293596621e-01
-2.021084096619729653e+00
-5.670601051133894455e-01
1.594433628476999765e+00
-1.690171609057717683e+00
1.025805091930184210e+00
-1.887459668991447126e+00
3.346016354548922989e-01
8.532323256614157136e-01
-8.743387098408421654e-01
1.542721171313298001e+00
8.644466272357961834e-02
6.124350288401958498e-01
-2.154672857261501553e-02
8.371199429487531374e-01
1.883280798925375255e+00
-5.061739532425385546e-01
2.915160041047564765e-01
9.991918846795741493e-02
9.915509605468035559e-02
1.268754325492437163e+00
-8.234458382901289619e-01
-9.279269654320221328e-01
-6.518339780252341287e-01
-7.084967559619139710e-01
3.053878464459255926e-01
-8.837847486397555352e-01
3.917137169830203769e-01
1.317941082377111384e+00
-7.037008132141879813e-01
2.586791970036273480e-01
-2.381917676311025911e+00
-2.220316290281554861e-01
-9.966517573026688614e-01
-9.803219960559460266e-02
1.018368254258962026e-02
1.418625822220713539e+00
-1.106609039673670303e+00
1.257441376712821191e+00
-2.017191805232275037e+00
5.649750165551865599e-01
-5.780502430389226065e-01
-7.387712870070940741e-02
4.030065546175934377e-01
-1.310468651658496686e+00
-3.184034743335405482e-01
2.145435857494491838e+00
-3.593399577540821177e-01
1.384989153422669039e+00
1.096251810908237756e+00
3.206019652659827801e-01
-1.329517155818258800e+00
-8.842037449060293763e-01
9.033147059595800776e-01
-3.966662028368116433e-01
1.413306848981860542e+00
1.140155725127250941e+00
1.883191106790240488e+00
4.341971882941368377e-01
1.772413942988982027e+00
-3.433334160698550130e-01
-2.603816292741401028e-01
5.477881787138598746e-01
-6.816883213792651608e-01
-4.222893366142853599e-01
-6.989164391453218661e-01
5.025977429065668911e-01
-1.102700020678029302e+00
5.898961298662923625e-01
1.390693632121852985e-01
-9.462663319646141824e-01
-2.024780215579965237e+00
8.069267024110047259e-01
6.387678990131837597e-01
1.522423411787348080e-01
-1.128155659499452401e+00
-2.282964196022001235e-01
5.558107177837722235e-01
9.438271931317689933e-01
7.250410142199001928e-01
9.804097922406634913e-01
9.340654711276479283e-01
-1.121827516914957856e+00
-2.663090821348076953e-01
7.398092686194145395e-01
-1.831316717894746204e-01
-6.296030047075247271e-01
5.325490482214072507e-01
5.516076564823233497e-01
3.698577611771475926e+00
3.428271369313610761e-01
-1.511733985585995255e+00
1.116921798588744297e+00
-1.003690231301617830e+00
2.131833241276100743e+00
1.059454165958721550e+00
1.802243771823772850e-02
2.161256779411542261e+00
6.390629951496447081e-01
3.536744196409186136e-01
-2.378253520635515095e+00
-1.139927043101454762e+00
1.319628968258244273e+00
6.470971461142808190e-01
-1.380834533432167666e+00
2.394980548477790183e+00
-9.244504237640628341e-01
2.439836196463122775e+00
-4.075719264312028800e-01
-1.944754095558260676e-01
-5.864870362348761912e-01
5.326756842590758545e-01
-9.701203933433372173e-01
7.896819223932811660e-01
-6.081765926611105710e-01
1.338116917619748547e-01
-3.762612092054393176e-01
8.482985097806262642e-01
8.794786931534812613e-01
3.197454644686021363e-01
4.464282351287756079e-01
1.883525315574245962e+00
-5.161585519665847777e-01
1.322313148516497394e+00
9.948713900869605720e-01
1.964085826226972531e-01
2.116062614085789384e-01
6.248666806003241314e-01
1.924455317176588576e+00
2.191590304355909569e-01
7.572473339975575035e-01
-1.312750007002198460e+00
9.572446173853427220e-01
-2.350318308990270028e-02
4.451472706227126430e-01
-5.584484836958711895e-01
-6.952355980788262058e-02
1.338906980023856441e+00
2.669688953687916061e-02
-4.282979178465794179e-02
-1.368668516967999071e+00
-5.746149193160289270e-01
1.444239369003887663e-01
1.639060410614711971e+00
8.811189395957675918e-01
-9.299971204068147035e-02
1.601761730817270746e-01
2.500369818255278265e+00
1.811030691760858069e+00
-2.693601056748644029e-01
1.195911342140304034e+00
7.065734965189132133e-01
-7.888413797667798155e-01
1.570121854171184217e-01
-5.866648934027293150e-01
-5.348187258834936619e-01
-8.450168574534129284e-01
3.806772136557395325e-01
1.290883888379126543e-01
-1.020449632557545616e+00
-5.979391171809917971e-01
5.061247784161458929e-01
7.954121000164190436e-01
6.349060797525192257e-01
1.729647084457944239e-01
1.467107192395564197e-01
-3.246305618735185194e-01
-6.309333811677337867e-01
1.271697787133932778e+00
4.374164757811555004e-01
-5.345828659153548656e-01
6.468928381340075529e-01
7.697417139341036219e-01
-2.492305865940473708e-01
7.308969437063603802e-01
1.597904570459682816e+00
-1.615731179871657153e+00
7.963735727675250731e-01
-5.324328341921319430e-02
-9.003610978151900257e-01
-1.325780928985306195e+00
1.766987415329266176e+00
1.322004492810169074e+00
7.333853056082086930e-01
-1.968939354578009560e-01
-8.821092703230108967e-01
-1.122344550559372767e+00
-1.124814786848241432e+00
9.502354356380079414e-01
8.923760140714508404e-01
-1.007185118286096914e+00
-1.059708112222553789e+00
3.633318296056815000e-01
-6.072673958106619141e-01
1.317710112718242677e+00
7.955554314381070302e-01
1.053522268231099401e+00
8.838779416991133786e-01
-1.472700442554663258e+00
7.039348526072496393e-01
-7.334763343001949876e-01
-8.840260307548231111e-01
7.775012541261365762e-01
3.616126167460556040e-01
2.475430660011257722e-01
2.255396615192595544e-01
2.117307827367485462e+00
-8.250826888143760751e-01
-7.662206648277051224e-01
-1.285366648378023502e+00
-3.670675356538767864e-01
1.904474547887555769e+00
-2.857338372821370820e-01
-3.767388148584211449e-01
-9.445457995991671796e-01
-1.056251365465077585e+00
1.027454972864365601e+00
1.919946819227188239e+00
-7.023013281505335881e-01
2.695118622254881746e-01
2.132886211988490321e-01
-6.208771814532726419e-01
-1.169921313432695120e+00
-1.941126546195087454e-01
8.657972148922176148e-01
-5.790755676036958288e-01
-1.483036922525368784e+00
1.947488187767661139e-01
2.187437624774438039e+00
1.021715879997343590e+00
4.935838076154147047e-01
-1.763539345031126526e+00
3.570240968507543133e-01
1.291682927946730342e+00
-2.314133582046619342e+00
-7.305659709213578878e-01
-2.550610166685188807e-01
-1.237102110200579919e+00
1.162285013490855556e+00
7.054679603379439001e-01
-3.381242980107873830e+00
-1.334788482566442669e+00
-9.118706829448145479e-01
2.159373837204322244e-01
-1.426377216522280778e+00
-2.194091428469338023e-01
-1.204137372451868249e+00
1.858528209286124944e-01
6.239501659940500933e-02
-1.780408040428315575e+00
3.135267902410737717e-01
1.538484324257803904e+00
-7.905843520873110375e-01
-5.204568724747608011e-01
4.903875496071436468e-01
-1.985012424319434032e+00
-8.934077813252334910e-02
-5.009699557765896483e-01
-6.344281683960552032e-01
6.626148351126496250e-01
1.342435786999223613e+00
8.886130029779595318e-01
-1.725026776615700419e-01
1.465478712654636695e+00
7.997809770747795755e-01
1.409375142308780804e+00
-6.495571550891029444e-01
-2.461680963428075852e+00
-3.142913170175393733e-01
-6.282820584543308273e-01
1.259112959572787904e+00
-3.797576069498362905e-01
-6.185464229490346133e-01
-1.403713155374890054e+00
-1.093181836269836449e+00
9.807643750474959177e-01
-7.535148889188914012e-01
1.956387009846074360e-02
8.450771353826062038e-01
1.372325203138308414e+00
2.267218507305456043e+00
-9.446357428327439854e-02
4.143216339502675538e-01
1.245270356991224459e+00
-2.346364963581870910e-01
-7.025442232052981906e-01
3.778592205104654433e-01
1.751140015412781192e+00
